0107|60198
0108|60150
0108|60152
0108|60154
0123|60095
0123|60151
0132|60199
0205|60213
0205|60216
0205|60217
0208|60135
0208|60137
0210|60186
0215|60127
0215|60128
0216|60119
0221|60073
0221|60130
0221|60132
0221|60133
0221|60218
0221|60219
0223|60117
0223|60120
0235|60080
0318|60139
0319|60092
0319|60093
0325|60056
0812|60121
0815|60111
0820|60103
0850|60043
0850|60044
0850|60122
1103|60140
1109|60104
1109|60109
1110|60108
1111|60221
1111|60222
1197|60109
1310|60211
1310|60214
1321|60099
1321|60155
1321|60160
1332|60106
1335|60048
1336|60045
1345|60027
1345|60069
1365|60047
1365|60159
1370|60028
1370|60212
1370|60215
1375|60042
1382|60180
1390|60156
1390|60157
1390|60158
1622|60110
3824|60064
3824|60086
3865|60136
3912|60050
4001|60167
4006|60036
4007|60098
4030|60096
4155|60189
4166|60039
4171|60030
4174|60035
4174|60125
4175|60101
4175|60131
4176|60126
4177|60123
4180|60088
4207|60202
4212|60203
4219|60204
4231|60066
4256|60084
4256|60138
4304|60192
4304|60194
4360|60085
4362|60107
4409|60097
4442|60041
4442|60067
4442|60071
4442|60077
4446|60209
4453|60129
4457|60195
4472|60031
4472|60032
4472|60033
4472|60034
4615|60134
4619|60054
4622|60205
4659|60168
4710|60040
4710|60100
4740|60210
4802|60220
4915|60037
4920|60063
4920|60087
4926|60065
4964|60038
5332|60196
5332|60197
5332|60227
5332|60228
5401|60074
5401|60141
5401|60142
5401|60169
5401|60170
5401|60185
5401|60208
5402|60094
5402|60115
5402|60146
5402|60153
5402|60177
5402|60183
5402|60191
5403|60068
5403|60082
5403|60188
5403|60190
5404|60029
5404|60176
5404|60181
5405|60026
5405|60057
5405|60173
5405|60207
5406|60144
5407|60055
5408|60078
5408|60143
5408|60171
5411|60105
5412|60124
5413|60112
5413|60113
5415|60165
5415|60166
5418|60116
5418|60118
5421|60081
5421|60102
5421|60147
5421|60148
5421|60149
5430|60145
5430|60178
5430|60182
5430|60193
5432|60075
5432|60076
5432|60174
5432|60175
5616|59963
5637|60224
5682|59962
5811|60223
5880|60172
6101|60161
6101|60162
6111|60164
6115|60163
6711|60089
6884|60083
7209|60201
7609|59961
7609|59964
7610|59965
7624|59967
7632|59966
7654|59968
9363|60179
9544|60079
9591|60091
9835|60052
9835|60058
9840|60060
9850|60061
9850|60062
9870|60059
