48209	4030
48212	0102
48215	0102
48218	4181
48301	0132
48304	7609
48307	7609
48310	0490
48313	5694
48316	4920
48319	4920
48322	7654
48325	0211
48328	4453
48331	4363
48334	9312
48337	9312
48340	4454
48343	4442
48346	0205
48349	0205
48352	0205
48355	0205
48358	0208
48361	0208
48364	0208
48367	4618
48370	4618
48373	9425
48376	9425
48379	0215
48382	0215
48385	0215
48388	0123
48391	0123
48394	0123
48397	0123
48400	4020
48403	7209
48406	4426
48409	4426
48412	4426
48415	5401
48418	5401
48421	5401
48424	5821
48427	4012
48430	4450
48433	0220
48436	4401
48439	4469
48442	9440
48445	4256
48448	4012
48451	1390
48454	4475
48457	3860
48460	3860
48463	4321
48466	4656
48469	4656
48472	4024
48475	7265
48478	7265
48481	9313
48484	0810
48487	1315
48490	5659
48493	1380
48496	4258
48499	0210
48502	4463
48505	4427
48508	4657
48511	4012
48514	4030
48517	0132
48520	0132
48523	4447
48526	1321
48529	0470
48532	0490
48535	0460
48538	0402
48541	7209
48544	0108
48547	4920
48550	0114
48553	5619
48556	0460
48559	3865
48562	1332
48565	4659
48568	5693
48571	4446
48574	0490
48577	9420
48580	1320
48583	4720
48586	5648
48589	1315
48592	5607
48595	5822
48598	1370
48601	0108
48604	1370
48607	0850
48610	0460
48613	4720
48616	7209
48619	5404
48622	4454
48625	4622
48628	5658
48631	4659
48634	1369
48637	0114
48640	1321
48643	4409
48646	1365
48649	7608
48652	0220
48655	1310
48658	0470
48661	4446
48664	0103
48667	0107
48670	5881
48673	6101
48676	4601
48679	4926
48682	5401
48685	1321
48688	9420
48691	4183
48694	4454
48697	0470
48700	7608
48703	7608
48706	7608
48709	7608
48712	7608
48715	7608
48718	7608
48721	7608
48724	5401
48727	5638
48730	5432
48733	0108
48736	5678
48739	0470
48742	0470
48745	5612
48748	0132
48751	4170
48754	4183
48757	5672
48760	0850
48763	5881
48766	5604
48769	0215
48772	0470
48775	5637
48778	4181
48781	4409
48784	0490
48787	0215
48790	0402
48793	4926
48796	4409
48799	4442
48802	4442
48805	4621
48808	5636
48811	4443
48814	9420
48817	4442
48820	4446
48823	4001
48826	4256
48829	4453
48832	4426
48835	4454
48838	5648
48841	1310
48844	1370
48847	4321
48850	5686
48853	0470
48856	0850
48859	5611
48862	4183
48865	4001
48868	4181
48871	5858
48874	0460
48877	0132
48880	5626
48883	4426
48886	5632
48889	0490
48892	1369
48895	0108
48898	0114
48901	0470
48904	4425
48907	4442
48910	4870
48913	1332
48916	5630
48919	4409
48922	4875
48925	0470
48928	5675
48931	0470
48934	0220
48937	5824
48940	0108
48943	4636
48946	5648
48949	1314
48952	5673
48955	4446
48958	0460
48961	4002
48964	0490
48967	4183
48970	1370
48973	4409
48976	4453
48979	4304
48982	1332
48985	1332
48988	1320
48991	0402
48994	5404
48997	5604
49000	1370
49003	0220
49006	1310
49009	0401
49012	4425
49015	4475
49018	4409
49021	1310
49024	5824
