46294 0132
46295 0132
46296 0211
46297 0211
46298 0402
46299 0402
46321 0470
46322 0850
46325 1310
46326 1369
46328 3865
46329 3870
46330 3870
46331 3876
46332 4170
46333 4170
46334 4180
46335 4181
46336 4181
46337 4182
46338 4182
46339 4183
46340 4183
46341 4230
46342 4230
46343 4233
46344 4233
46345 4252
46347 4324
46348 4428
46349 4428
46350 4460
46351 4811
46352 4811
46353 4915
46354 5607
46355 5637
46356 5640
46357 5658
46358 5672
46359 5678
46360 5684
46361 5694
46362 5807
46363 5807
46364 5832
46365 7609
46366 7609
46367 7622
46368 7622
46369 7654
46370 7654
46371 7790
46372 9341
46373 9341
46374 9410
46376 9425
