48209	75000
48212	75000
48215	75000
48218	75000
48301	75000
48304	25000
48307	25000
48310	75000
48313	25000
48316	75000
48319	75000
48322	25000
48325	75000
48328	75000
48331	75000
48334	75000
48337	75000
48340	75000
48343	75000
48346	75000
48349	75000
48352	75000
48355	75000
48358	75000
48361	75000
48364	75000
48367	75000
48370	75000
48373	75000
48376	75000
48379	75000
48382	75000
48385	75000
48388	75000
48391	75000
48394	75000
48397	75000
48400	75000
48403	75000
48406	75000
48409	75000
48412	75000
48415	75000
48418	75000
48421	75000
48424	75000
48427	75000
48430	75000
48433	75000
48436	75000
48439	75000
48442	75000
48445	75000
48448	75000
48451	75000
48454	75000
48457	75000
48460	75000
48463	75000
48466	75000
48469	75000
48472	75000
48475	75000
48478	75000
48481	75000
48484	75000
48487	75000
48490	25000
48493	75000
48496	75000
48499	75000
48502	75000
48505	75000
48508	75000
48511	75000
48514	75000
48517	75000
48520	75000
48523	75000
48526	75000
48529	75000
48532	75000
48535	75000
48538	75000
48541	75000
48544	75000
48547	75000
48550	75000
48553	25000
48556	75000
48559	75000
48562	75000
48565	75000
48568	25000
48571	75000
48574	75000
48577	75000
48580	75000
48583	75000
48586	25000
48589	75000
48592	25000
48595	75000
48598	75000
48601	75000
48604	75000
48607	75000
48610	75000
48613	75000
48616	75000
48619	75000
48622	75000
48625	75000
48628	25000
48631	75000
48634	75000
48637	75000
48640	75000
48643	75000
48646	75000
48649	25000
48652	75000
48655	75000
48658	75000
48661	75000
48664	75000
48667	75000
48670	75000
48673	75000
48676	75000
48679	75000
48682	75000
48685	75000
48688	75000
48691	75000
48694	75000
48697	75000
48700	25000
48703	25000
48706	25000
48709	25000
48712	25000
48715	25000
48718	25000
48721	25000
48724	75000
48727	25000
48730	75000
48733	75000
48736	25000
48739	75000
48742	75000
48745	25000
48748	75000
48751	75000
48754	75000
48757	25000
48760	75000
48763	75000
48766	25000
48769	75000
48772	75000
48775	25000
48778	75000
48781	75000
48784	75000
48787	75000
48790	75000
48793	75000
48796	75000
48799	75000
48802	75000
48805	75000
48808	25000
48811	75000
48814	75000
48817	75000
48820	75000
48823	75000
48826	75000
48829	75000
48832	75000
48835	75000
48838	25000
48841	75000
48844	75000
48847	75000
48850	25000
48853	75000
48856	75000
48859	25000
48862	75000
48865	75000
48868	75000
48871	75000
48874	75000
48877	75000
48880	25000
48883	75000
48886	25000
48889	75000
48892	75000
48895	75000
48898	75000
48901	75000
48904	75000
48907	75000
48910	75000
48913	75000
48916	25000
48919	75000
48922	75000
48925	75000
48928	25000
48931	75000
48934	75000
48937	75000
48940	75000
48943	75000
48946	25000
48949	75000
48952	25000
48955	75000
48958	75000
48961	75000
48964	75000
48967	75000
48970	75000
48973	75000
48976	75000
48979	75000
48982	75000
48985	75000
48988	75000
48991	75000
48994	75000
48997	25000
49000	75000
49003	75000
49006	75000
49009	75000
49012	75000
49015	75000
49018	75000
49021	75000
49024	75000
